# Blender 4.5.4 LTS
# www.blender.org
mtllib nerf gun.mtl
o Cube
v 0.216391 2.315326 -0.698153
v 1.102236 -1.954899 -0.698153
v 0.216391 2.315326 0.686208
v 1.102236 -1.954899 0.686208
v -1.088652 2.044599 -0.698153
v -0.202808 -2.225626 -0.698153
v -1.088652 2.044599 0.686208
v -0.202808 -2.225626 0.686208
vn -0.2031 0.9792 -0.0000
vn -0.0000 -0.0000 1.0000
vn -0.9792 -0.2031 -0.0000
vn 0.2031 -0.9792 -0.0000
vn 0.9792 0.2031 -0.0000
vn -0.0000 -0.0000 -1.0000
vt 0.625000 0.500000
vt 0.875000 0.500000
vt 0.875000 0.750000
vt 0.625000 0.750000
vt 0.375000 0.750000
vt 0.625000 1.000000
vt 0.375000 1.000000
vt 0.375000 0.000000
vt 0.625000 0.000000
vt 0.625000 0.250000
vt 0.375000 0.250000
vt 0.125000 0.500000
vt 0.375000 0.500000
vt 0.125000 0.750000
s 0
g Cube_Material
usemtl Material
f 1/1/1 5/2/1 7/3/1 3/4/1
f 4/5/2 3/4/2 7/6/2 8/7/2
f 8/8/3 7/9/3 5/10/3 6/11/3
f 6/12/4 2/13/4 4/5/4 8/14/4
f 2/13/5 1/1/5 3/4/5 4/5/5
f 6/11/6 5/10/6 1/1/6 2/13/6
o Cube.001
v -5.955436 2.339601 -0.697972
v 0.212679 2.317659 -0.697972
v -5.955437 2.339600 0.686028
v 0.212679 2.317658 0.686028
v -5.960177 1.006773 -0.697973
v 0.207938 0.984831 -0.697972
v -5.960178 1.006772 0.686027
v 0.207938 0.984830 0.686028
vn -1.0000 0.0036 -0.0000
vn -0.0000 -0.0000 1.0000
vn -0.0036 -1.0000 -0.0000
vn 1.0000 -0.0036 -0.0000
vn 0.0036 1.0000 -0.0000
vn -0.0000 -0.0000 -1.0000
vt 0.625000 0.500000
vt 0.875000 0.500000
vt 0.875000 0.750000
vt 0.625000 0.750000
vt 0.375000 0.750000
vt 0.625000 1.000000
vt 0.375000 1.000000
vt 0.375000 0.000000
vt 0.625000 0.000000
vt 0.625000 0.250000
vt 0.375000 0.250000
vt 0.125000 0.500000
vt 0.375000 0.500000
vt 0.125000 0.750000
s 0
g Cube.001_Material.001
usemtl Material.001
f 9/15/7 13/16/7 15/17/7 11/18/7
f 12/19/8 11/18/8 15/20/8 16/21/8
f 16/22/9 15/23/9 13/24/9 14/25/9
f 14/26/10 10/27/10 12/19/10 16/28/10
f 10/27/11 9/15/11 11/18/11 12/19/11
f 14/25/12 13/24/12 9/15/12 10/27/12
o Cylinder
v -5.706162 1.656442 -0.342458
v -6.391077 1.655559 -0.342458
v -5.706248 1.723252 -0.335877
v -6.391163 1.722370 -0.335877
v -5.706331 1.787495 -0.316390
v -6.391246 1.786612 -0.316390
v -5.706407 1.846702 -0.284743
v -6.391322 1.845819 -0.284743
v -5.706474 1.898596 -0.242154
v -6.391389 1.897713 -0.242154
v -5.706529 1.941185 -0.190259
v -6.391444 1.940302 -0.190259
v -5.706570 1.972832 -0.131053
v -6.391485 1.971949 -0.131053
v -5.706595 1.992319 -0.066810
v -6.391510 1.991437 -0.066810
v -5.706603 1.998900 0.000000
v -6.391518 1.998017 0.000000
v -5.706595 1.992319 0.066810
v -6.391510 1.991437 0.066810
v -5.706570 1.972832 0.131053
v -6.391485 1.971949 0.131053
v -5.706529 1.941185 0.190260
v -6.391444 1.940302 0.190260
v -5.706474 1.898596 0.242154
v -6.391389 1.897713 0.242154
v -5.706407 1.846702 0.284743
v -6.391322 1.845819 0.284743
v -5.706331 1.787495 0.316390
v -6.391246 1.786612 0.316390
v -5.706248 1.723252 0.335878
v -6.391163 1.722370 0.335878
v -5.706162 1.656442 0.342458
v -6.391077 1.655559 0.342458
v -5.706076 1.589632 0.335878
v -6.390991 1.588749 0.335878
v -5.705993 1.525390 0.316390
v -6.390908 1.524507 0.316390
v -5.705916 1.466183 0.284743
v -6.390831 1.465300 0.284743
v -5.705850 1.414288 0.242154
v -6.390765 1.413405 0.242154
v -5.705795 1.371699 0.190260
v -6.390710 1.370816 0.190260
v -5.705754 1.340053 0.131053
v -6.390669 1.339170 0.131053
v -5.705729 1.320565 0.066810
v -6.390644 1.319682 0.066810
v -5.705720 1.313985 0.000000
v -6.390635 1.313102 0.000000
v -5.705729 1.320565 -0.066810
v -6.390644 1.319682 -0.066810
v -5.705754 1.340053 -0.131053
v -6.390669 1.339170 -0.131053
v -5.705795 1.371699 -0.190259
v -6.390710 1.370816 -0.190259
v -5.705850 1.414288 -0.242154
v -6.390765 1.413405 -0.242154
v -5.705916 1.466183 -0.284743
v -6.390831 1.465300 -0.284743
v -5.705993 1.525390 -0.316390
v -6.390908 1.524507 -0.316390
v -5.706076 1.589632 -0.335877
v -6.390991 1.588749 -0.335877
vn -0.0001 0.0980 -0.9952
vn -0.0004 0.2903 -0.9569
vn -0.0006 0.4714 -0.8819
vn -0.0008 0.6344 -0.7730
vn -0.0010 0.7730 -0.6344
vn -0.0011 0.8819 -0.4714
vn -0.0012 0.9569 -0.2903
vn -0.0013 0.9952 -0.0980
vn -0.0013 0.9952 0.0980
vn -0.0012 0.9569 0.2903
vn -0.0011 0.8819 0.4714
vn -0.0010 0.7730 0.6344
vn -0.0008 0.6344 0.7730
vn -0.0006 0.4714 0.8819
vn -0.0004 0.2903 0.9569
vn -0.0001 0.0980 0.9952
vn 0.0001 -0.0980 0.9952
vn 0.0004 -0.2903 0.9569
vn 0.0006 -0.4714 0.8819
vn 0.0008 -0.6344 0.7730
vn 0.0010 -0.7730 0.6344
vn 0.0011 -0.8819 0.4714
vn 0.0012 -0.9569 0.2903
vn 0.0013 -0.9952 0.0980
vn 0.0013 -0.9952 -0.0980
vn 0.0012 -0.9569 -0.2903
vn 0.0011 -0.8819 -0.4714
vn 0.0010 -0.7730 -0.6344
vn 0.0008 -0.6344 -0.7730
vn 0.0006 -0.4714 -0.8819
vn -1.0000 -0.0013 -0.0000
vn 0.0004 -0.2903 -0.9569
vn 0.0001 -0.0980 -0.9952
vn 1.0000 0.0013 -0.0000
vt 1.000000 0.500000
vt 1.000000 1.000000
vt 0.968750 1.000000
vt 0.968750 0.500000
vt 0.937500 1.000000
vt 0.937500 0.500000
vt 0.906250 1.000000
vt 0.906250 0.500000
vt 0.875000 1.000000
vt 0.875000 0.500000
vt 0.843750 1.000000
vt 0.843750 0.500000
vt 0.812500 1.000000
vt 0.812500 0.500000
vt 0.781250 1.000000
vt 0.781250 0.500000
vt 0.750000 1.000000
vt 0.750000 0.500000
vt 0.718750 1.000000
vt 0.718750 0.500000
vt 0.687500 1.000000
vt 0.687500 0.500000
vt 0.656250 1.000000
vt 0.656250 0.500000
vt 0.625000 1.000000
vt 0.625000 0.500000
vt 0.593750 1.000000
vt 0.593750 0.500000
vt 0.562500 1.000000
vt 0.562500 0.500000
vt 0.531250 1.000000
vt 0.531250 0.500000
vt 0.500000 1.000000
vt 0.500000 0.500000
vt 0.468750 1.000000
vt 0.468750 0.500000
vt 0.437500 1.000000
vt 0.437500 0.500000
vt 0.406250 1.000000
vt 0.406250 0.500000
vt 0.375000 1.000000
vt 0.375000 0.500000
vt 0.343750 1.000000
vt 0.343750 0.500000
vt 0.312500 1.000000
vt 0.312500 0.500000
vt 0.281250 1.000000
vt 0.281250 0.500000
vt 0.250000 1.000000
vt 0.250000 0.500000
vt 0.218750 1.000000
vt 0.218750 0.500000
vt 0.187500 1.000000
vt 0.187500 0.500000
vt 0.156250 1.000000
vt 0.156250 0.500000
vt 0.125000 1.000000
vt 0.125000 0.500000
vt 0.093750 1.000000
vt 0.093750 0.500000
vt 0.062500 1.000000
vt 0.062500 0.500000
vt 0.296822 0.485388
vt 0.250000 0.490000
vt 0.203178 0.485388
vt 0.158156 0.471731
vt 0.116663 0.449553
vt 0.080294 0.419706
vt 0.050447 0.383337
vt 0.028269 0.341844
vt 0.014612 0.296822
vt 0.010000 0.250000
vt 0.014612 0.203178
vt 0.028269 0.158156
vt 0.050447 0.116663
vt 0.080294 0.080294
vt 0.116663 0.050447
vt 0.158156 0.028269
vt 0.203178 0.014612
vt 0.250000 0.010000
vt 0.296822 0.014612
vt 0.341844 0.028269
vt 0.383337 0.050447
vt 0.419706 0.080294
vt 0.449553 0.116663
vt 0.471731 0.158156
vt 0.485388 0.203178
vt 0.490000 0.250000
vt 0.485388 0.296822
vt 0.471731 0.341844
vt 0.449553 0.383337
vt 0.419706 0.419706
vt 0.383337 0.449553
vt 0.341844 0.471731
vt 0.031250 1.000000
vt 0.031250 0.500000
vt 0.000000 1.000000
vt 0.000000 0.500000
vt 0.750000 0.490000
vt 0.796822 0.485388
vt 0.841844 0.471731
vt 0.883337 0.449553
vt 0.919706 0.419706
vt 0.949553 0.383337
vt 0.971731 0.341844
vt 0.985388 0.296822
vt 0.990000 0.250000
vt 0.985388 0.203178
vt 0.971731 0.158156
vt 0.949553 0.116663
vt 0.919706 0.080294
vt 0.883337 0.050447
vt 0.841844 0.028269
vt 0.796822 0.014612
vt 0.750000 0.010000
vt 0.703178 0.014612
vt 0.658156 0.028269
vt 0.616663 0.050447
vt 0.580294 0.080294
vt 0.550447 0.116663
vt 0.528269 0.158156
vt 0.514612 0.203178
vt 0.510000 0.250000
vt 0.514612 0.296822
vt 0.528269 0.341844
vt 0.550447 0.383337
vt 0.580294 0.419706
vt 0.616663 0.449553
vt 0.658156 0.471731
vt 0.703178 0.485388
s 0
g Cylinder_Material.002
usemtl Material.002
f 17/29/13 18/30/13 20/31/13 19/32/13
f 19/32/14 20/31/14 22/33/14 21/34/14
f 21/34/15 22/33/15 24/35/15 23/36/15
f 23/36/16 24/35/16 26/37/16 25/38/16
f 25/38/17 26/37/17 28/39/17 27/40/17
f 27/40/18 28/39/18 30/41/18 29/42/18
f 29/42/19 30/41/19 32/43/19 31/44/19
f 31/44/20 32/43/20 34/45/20 33/46/20
f 33/46/21 34/45/21 36/47/21 35/48/21
f 35/48/22 36/47/22 38/49/22 37/50/22
f 37/50/23 38/49/23 40/51/23 39/52/23
f 39/52/24 40/51/24 42/53/24 41/54/24
f 41/54/25 42/53/25 44/55/25 43/56/25
f 43/56/26 44/55/26 46/57/26 45/58/26
f 45/58/27 46/57/27 48/59/27 47/60/27
f 47/60/28 48/59/28 50/61/28 49/62/28
f 49/62/29 50/61/29 52/63/29 51/64/29
f 51/64/30 52/63/30 54/65/30 53/66/30
f 53/66/31 54/65/31 56/67/31 55/68/31
f 55/68/32 56/67/32 58/69/32 57/70/32
f 57/70/33 58/69/33 60/71/33 59/72/33
f 59/72/34 60/71/34 62/73/34 61/74/34
f 61/74/35 62/73/35 64/75/35 63/76/35
f 63/76/36 64/75/36 66/77/36 65/78/36
f 65/78/37 66/77/37 68/79/37 67/80/37
f 67/80/38 68/79/38 70/81/38 69/82/38
f 69/82/39 70/81/39 72/83/39 71/84/39
f 71/84/40 72/83/40 74/85/40 73/86/40
f 73/86/41 74/85/41 76/87/41 75/88/41
f 75/88/42 76/87/42 78/89/42 77/90/42
f 20/91/43 18/92/43 80/93/43 78/94/43 76/95/43 74/96/43 72/97/43 70/98/43 68/99/43 66/100/43 64/101/43 62/102/43 60/103/43 58/104/43 56/105/43 54/106/43 52/107/43 50/108/43 48/109/43 46/110/43 44/111/43 42/112/43 40/113/43 38/114/43 36/115/43 34/116/43 32/117/43 30/118/43 28/119/43 26/120/43 24/121/43 22/122/43
f 77/90/44 78/89/44 80/123/44 79/124/44
f 79/124/45 80/123/45 18/125/45 17/126/45
f 17/127/46 19/128/46 21/129/46 23/130/46 25/131/46 27/132/46 29/133/46 31/134/46 33/135/46 35/136/46 37/137/46 39/138/46 41/139/46 43/140/46 45/141/46 47/142/46 49/143/46 51/144/46 53/145/46 55/146/46 57/147/46 59/148/46 61/149/46 63/150/46 65/151/46 67/152/46 69/153/46 71/154/46 73/155/46 75/156/46 77/157/46 79/158/46
o Cube.002
v -1.282349 0.728066 -0.091999
v -1.220151 1.234129 -0.091998
v -1.282349 0.728066 0.080054
v -1.220151 1.234129 0.080054
v -1.118305 0.707904 -0.091999
v -1.056108 1.213967 -0.091998
v -1.118305 0.707904 0.080054
v -1.056108 1.213967 0.080054
vn -0.1220 -0.9925 -0.0000
vn -0.0000 -0.0000 1.0000
vn 0.9925 -0.1220 -0.0000
vn 0.1220 0.9925 -0.0000
vn -0.9925 0.1220 -0.0000
vn -0.0000 -0.0000 -1.0000
vt 0.625000 0.500000
vt 0.875000 0.500000
vt 0.875000 0.750000
vt 0.625000 0.750000
vt 0.375000 0.750000
vt 0.625000 1.000000
vt 0.375000 1.000000
vt 0.375000 0.000000
vt 0.625000 0.000000
vt 0.625000 0.250000
vt 0.375000 0.250000
vt 0.125000 0.500000
vt 0.375000 0.500000
vt 0.125000 0.750000
s 0
g Cube.002_Material.003
usemtl Material.003
f 81/159/47 85/160/47 87/161/47 83/162/47
f 84/163/48 83/162/48 87/164/48 88/165/48
f 88/166/49 87/167/49 85/168/49 86/169/49
f 86/170/50 82/171/50 84/163/50 88/172/50
f 82/171/51 81/159/51 83/162/51 84/163/51
f 86/169/52 85/168/52 81/159/52 82/171/52
o Cube.003
v -1.472269 0.305216 -0.091999
v -1.270057 0.773274 -0.091999
v -1.472269 0.305216 0.080054
v -1.270057 0.773274 0.080054
v -1.320545 0.239668 -0.091999
v -1.118334 0.707726 -0.091999
v -1.320545 0.239668 0.080054
v -1.118333 0.707726 0.080054
vn -0.3966 -0.9180 -0.0000
vn -0.0000 -0.0000 1.0000
vn 0.9180 -0.3966 -0.0000
vn 0.3966 0.9180 -0.0000
vn -0.9180 0.3966 -0.0000
vn -0.0000 -0.0000 -1.0000
vt 0.625000 0.500000
vt 0.875000 0.500000
vt 0.875000 0.750000
vt 0.625000 0.750000
vt 0.375000 0.750000
vt 0.625000 1.000000
vt 0.375000 1.000000
vt 0.375000 0.000000
vt 0.625000 0.000000
vt 0.625000 0.250000
vt 0.375000 0.250000
vt 0.125000 0.500000
vt 0.375000 0.500000
vt 0.125000 0.750000
s 0
g Cube.003_Material.004
usemtl Material.004
f 89/173/53 93/174/53 95/175/53 91/176/53
f 92/177/54 91/176/54 95/178/54 96/179/54
f 96/180/55 95/181/55 93/182/55 94/183/55
f 94/184/56 90/185/56 92/177/56 96/186/56
f 90/185/57 89/173/57 91/176/57 92/177/57
f 94/183/58 93/182/58 89/173/58 90/185/58
o Cube.004
v -2.059528 1.099694 -0.121867
v -1.859216 0.442649 -0.121867
v -2.059528 1.099694 0.109923
v -1.859216 0.442649 0.109923
v -2.272513 1.034762 -0.121867
v -2.072201 0.377717 -0.121867
v -2.272513 1.034762 0.109923
v -2.072201 0.377717 0.109923
vn -0.2916 0.9565 -0.0000
vn -0.0000 -0.0000 1.0000
vn -0.9565 -0.2916 -0.0000
vn 0.2916 -0.9565 -0.0000
vn 0.9565 0.2916 -0.0000
vn -0.0000 -0.0000 -1.0000
vt 0.625000 0.500000
vt 0.875000 0.500000
vt 0.875000 0.750000
vt 0.625000 0.750000
vt 0.375000 0.750000
vt 0.625000 1.000000
vt 0.375000 1.000000
vt 0.375000 0.000000
vt 0.625000 0.000000
vt 0.625000 0.250000
vt 0.375000 0.250000
vt 0.125000 0.500000
vt 0.375000 0.500000
vt 0.125000 0.750000
s 0
g Cube.004_Material.005
usemtl Material.005
f 97/187/59 101/188/59 103/189/59 99/190/59
f 100/191/60 99/190/60 103/192/60 104/193/60
f 104/194/61 103/195/61 101/196/61 102/197/61
f 102/198/62 98/199/62 100/191/62 104/200/62
f 98/199/63 97/187/63 99/190/63 100/191/63
f 102/197/64 101/196/64 97/187/64 98/199/64
o Cube.005
v -1.932005 0.550703 -0.121867
v -1.398362 0.118201 -0.121867
v -1.932005 0.550703 0.109923
v -1.398362 0.118201 0.109923
v -2.072203 0.377720 -0.121867
v -1.538560 -0.054783 -0.121868
v -2.072203 0.377719 0.109923
v -1.538560 -0.054783 0.109923
vn -0.7769 0.6296 -0.0000
vn -0.0000 -0.0000 1.0000
vn -0.6296 -0.7769 -0.0000
vn 0.7769 -0.6296 -0.0000
vn 0.6296 0.7769 -0.0000
vn -0.0000 -0.0000 -1.0000
vt 0.625000 0.500000
vt 0.875000 0.500000
vt 0.875000 0.750000
vt 0.625000 0.750000
vt 0.375000 0.750000
vt 0.625000 1.000000
vt 0.375000 1.000000
vt 0.375000 0.000000
vt 0.625000 0.000000
vt 0.625000 0.250000
vt 0.375000 0.250000
vt 0.125000 0.500000
vt 0.375000 0.500000
vt 0.125000 0.750000
s 0
g Cube.005_Material.006
usemtl Material.006
f 105/201/65 109/202/65 111/203/65 107/204/65
f 108/205/66 107/204/66 111/206/66 112/207/66
f 112/208/67 111/209/67 109/210/67 110/211/67
f 110/212/68 106/213/68 108/205/68 112/214/68
f 106/213/69 105/201/69 107/204/69 108/205/69
f 110/211/70 109/210/70 105/201/70 106/213/70
o Cube.006
v -0.947602 -0.022771 -0.121867
v -0.297939 0.200324 -0.121867
v -0.947602 -0.022771 0.109923
v -0.297939 0.200324 0.109923
v -0.875284 -0.233363 -0.121868
v -0.225622 -0.010268 -0.121868
v -0.875284 -0.233363 0.109923
v -0.225622 -0.010268 0.109923
vn -0.9458 -0.3248 -0.0000
vn -0.0000 -0.0000 1.0000
vn 0.3248 -0.9458 -0.0000
vn 0.9458 0.3248 -0.0000
vn -0.3248 0.9458 -0.0000
vn -0.0000 -0.0000 -1.0000
vt 0.625000 0.500000
vt 0.875000 0.500000
vt 0.875000 0.750000
vt 0.625000 0.750000
vt 0.375000 0.750000
vt 0.625000 1.000000
vt 0.375000 1.000000
vt 0.375000 0.000000
vt 0.625000 0.000000
vt 0.625000 0.250000
vt 0.375000 0.250000
vt 0.125000 0.500000
vt 0.375000 0.500000
vt 0.125000 0.750000
s 0
g Cube.006_Material.007
usemtl Material.007
f 113/215/71 117/216/71 119/217/71 115/218/71
f 116/219/72 115/218/72 119/220/72 120/221/72
f 120/222/73 119/223/73 117/224/73 118/225/73
f 118/226/74 114/227/74 116/219/74 120/228/74
f 114/227/75 113/215/75 115/218/75 116/219/75
f 118/225/76 117/224/76 113/215/76 114/227/76
o Cube.007
v -1.480674 0.160225 -0.121867
v -0.817393 -0.018356 -0.121867
v -1.480674 0.160225 0.109923
v -0.817393 -0.018356 0.109923
v -1.538562 -0.054782 -0.121868
v -0.875281 -0.233363 -0.121868
v -1.538562 -0.054782 0.109923
v -0.875281 -0.233363 0.109923
vn -0.9656 0.2600 -0.0000
vn -0.0000 -0.0000 1.0000
vn -0.2600 -0.9656 -0.0000
vn 0.9656 -0.2600 -0.0000
vn 0.2600 0.9656 -0.0000
vn -0.0000 -0.0000 -1.0000
vt 0.625000 0.500000
vt 0.875000 0.500000
vt 0.875000 0.750000
vt 0.625000 0.750000
vt 0.375000 0.750000
vt 0.625000 1.000000
vt 0.375000 1.000000
vt 0.375000 0.000000
vt 0.625000 0.000000
vt 0.625000 0.250000
vt 0.375000 0.250000
vt 0.125000 0.500000
vt 0.375000 0.500000
vt 0.125000 0.750000
s 0
g Cube.007_Material.008
usemtl Material.008
f 121/229/77 125/230/77 127/231/77 123/232/77
f 124/233/78 123/232/78 127/234/78 128/235/78
f 128/236/79 127/237/79 125/238/79 126/239/79
f 126/240/80 122/241/80 124/233/80 128/242/80
f 122/241/81 121/229/81 123/232/81 124/233/81
f 126/239/82 125/238/82 121/229/82 122/241/82
